100
2 1
500 300
900
660
2 1
500 300
1500
809
2 2
50 100
450 449
1100 1101
2 1
500 300
300
500
1 8
10
11 13 17 11 16 14 12 18
2 2
10 6
18101 6000
3600 10317
1 7
6
13464 10974 5940 6000 4860 647 3600
2 6
6 10
13590 15000 14434 15505 15000 16500
24354 26306 25017 25000 25000 22500
2 5
9 1
33 33 27 99 49
3 9 4 4 5
2 1
6 3
11
6
2 8
10 4
22 66 110 75 30 20 65 9
8 36 8 29 4 12 27 27
2 3
6 8
37 17 18
24 23 51
1 1
5
4535
2 8
6 6
5400 5231 6276 9621 3600 10424 9846 6832
3600 9804 5194 10461 6647 6456 6600 11140
2 8
9 2
928 5536 7200 3240 1846 6321 2700 4286
600 936 1450 880 433 206 1600 1253
2 7
4 6
3027 3484 3200 3377 3520 2880 2990
5280 4984 4320 4570 4800 4642 4444
1 5
8
32 72 23 61 15
1 8
8
72 70 64 8 8 65 16 22
2 8
3 2
3600 3699 3960 3457 3960 3559 3408 3853
2636 2160 2160 2538 2185 2164 2349 2400
1 5
1
90 300 450 213 428
1 6
495412
926137 850110 828920 901451 747689 817181
1 6
6
5400 5940 5232 5414 4885 5704
1 8
6
25 12 51 44 6 36 46 54
1 1
325227
357533
2 8
1 7
839 804 803 891 780 791 824 829
5496 5103 5675 5628 5142 5621 5341 6082
2 6
10 2
15300 25000 14000 3130 2994 12956
2544 2800 633 5000 550 3740
1 3
1000000
900001 900000 899999
2 5
3 6
325 893 1500 637 1320
2160 1211 3000 1627 586
2 6
10 7
26794 25000 23102 25924 26661 22500
16672 19250 18940 17500 16511 18315
1 8
5
3600 3000 2167 2396 1050 1350 500 3424
1 4
282537
608857 989728 721536 676762
2 8
1 2
1 1 11 1 9 1 1 1
2 18 2 2 2 22 2 2
1 5
6
12600 9900 2251 7810 5117
1 5
1
1560 1493 1595 1350 1500
1 6
7
33 63 46 48 42 63
2 4
6 1
12540 11306 11218 11400
1710 1941 1900 1784
1 7
3
4175 4620 3780 4598 4003 3999 4200
1 7
8
8 72 8 8 8 8 8
1 6
7
77 23 34 42 42 30
1 5
5
10242 8595 9485 9076 10334
1 1
3
1420
1 4
6
8475 7560 8677 8400
2 7
7 1
8393 7761 8492 9317 8338 8421 8069
1089 1167 1199 1203 1167 1282 1101
1 8
15372
645026 671348 762470 953984 905595 376934 969451 386229
1 8
1
280 736 440 523 110 660 700 200
2 8
4 8
2509 2400 2377 2160 2275 2400 2590 2640
4800 4838 4820 4723 4800 4320 5280 4442
1 7
10
53 90 11 90 72 50 10
2 8
2 6
3800 4200 3965 3780 4431 4561 4179 4100
12624 13860 12232 11907 12600 13089 13044 13609
2 8
6 3
66 6 6 6 6 6 6 66
3 3 3 3 27 27 3 3
1 3
9
2970 1757 903
1 1
144789
870091
1 3
1
2315 2402 2640
2 8
8 10
3453 2913 3208 2880 3520 2881 3289 3472
3745 3600 3825 3896 4066 4400 4019 4010
2 8
2 5
8 6 16 8 22 15 2 6
15 15 18 37 45 20 5 40
2 1
4 1
437
105
1 7
93492
838347 972824 990281 831399 975767 873042 958053
1 6
10
110 10 11 10 9 90
2 8
7 7
1890 4485 767 2801 3500 1281 4429 6160
4897 3845 2310 2812 1314 718 5040 3500
2 8
744472 38374
926538 432161 972926 943931 495169 912859 981519 791397
821681 986160 436320 302286 706798 599881 933256 826055
1 6
10
16713 16811 16030 17600 14946 17121
2 8
1 1
1000000 999999 999998 999997 999996 999995 999994 999993
999992 999991 999990 999989 999988 999987 999986 999985
1 5
4
880 1600 2168 1277 398
1 1
4
31
2 8
2 5
880 4804 3200 4406 1620 3962 3835 1866
11255 10775 11884 8000 9705 1801 4950 4597
2 3
10 5
55 11 60
5 27 30
2 8
10 8
7224 8788 7545 7290 7950 8647 8681 8910
5832 6809 5784 6360 6813 5848 7128 6227
2 7
3 5
7200 608 1350 7022 3917 5700 1951
12000 6870 9500 11013 1016 2750 3192
2 8
32446 7425
796638 500209 943290 945431 968071 975949 966198 656504
367925 697637 665172 816511 783520 763482 468258 941264
2 8
2 8
1540 1600 440 200 839 1000 1222 600
4549 3431 5040 3851 2400 1440 6400 778
1 7
3
1209 1166 1069 1070 1306 1080 1206
1 3
7
1260 2100 752
2 7
7 6
2302 700 4200 3562 2541 1260 4410
2351 4620 600 3116 1320 1723 3600
2 4
7 5
5180 5390 4573 4686
3789 3496 3596 3150
2 8
255066 316384
920212 494051 706412 856698 757820 631644 975988 869219
974825 910981 964813 820088 759556 992519 243784 429878
2 6
1 6
8 3 9 3 3 1
66 49 17 19 18 6
1 1
484106
617486
2 3
7 5
6431 6597 6159
4318 4129 4561
2 7
8 7
5272 3948 1760 5040 3255 843 2400
5390 2955 2100 4551 742 3189 1260
1 8
4
2586 2521 424 2000 2880 1739 1080 790
2 8
6 1
11613 13266 11840 11970 11976 11743 10846 12762
1915 1809 1898 1845 2051 1995 2177 1996
2 8
6 7
14627 13158 14400 15840 13734 14932 12960 14125
15498 17982 18480 15120 15687 16800 16872 16419
2 2
10 10
10 10
10 11
1 4
10
2823 3300 2899 3000
1 8
4
7474 6156 6808 7524 6222 6770 6473 6884
2 5
2 10
900 607 4000 1331 1776
6860 3084 8653 20000 5500
1 8
86828
605401 510058 890796 664894 948532 903115 851793 968956
2 8
5 9
12260 7500 4235 6916 9000 6358 9000 8005
11274 11519 8215 22887 19800 14736 13500 16200
2 4
33049 99092
874464 670654 928593 678159
443746 884752 930974 770463
2 7
3 2
6900 7526 6348 6900 7590 7590 7280
4600 4600 4140 4815 4356 4595 4140
1 2
309564
989422 956504
1 4
7
9100 8190 6737 11260
2 8
4 2
7204 6547 6702 6516 7778 6788 7196 7964
3774 3602 3367 3598 3982 3258 3366 3890
1 8
10
3 6 5 1 2 7 4 8
1 4
419172
937323 234044 938489 497055
1 2
213019
202963 775412
1 8
5
7700 2847 7704 3500 11550 5940 12500 11961
1 8
9
4050 2700 957 17148 9668 9900 11340 15572
1 3
9
9 99 9
1 5
235412
675724 999864 821398 877680 890597
2 7
1 2
217 1849 2750 1159 1669 200 1800
4500 2375 3382 3665 400 381 3600
