100
2 1
500 300
900
660
2 1
500 300
1500
809
2 2
50 100
450 449
1100 1101
2 1
500 300
300
500
1 8
10
11 13 17 11 16 14 12 18
2 6
7 10
17971 16828 15376 17537 15260 15183
22915 24040 24632 24992 23521 26510
2 1
6 1
2957
461
2 5
9 5
8527 9900 9679 9000 9184
5000 4500 5172 5080 4508
2 2
8 9
12800 11115
14400 14074
1 3
4
12 16 16
1 5
8
12760 13742 14080 11720 12940
2 7
4 3
8160 8437 8800 8117 7440 8000 8000
6008 5417 6397 6570 5400 6000 6000
1 6
9
19800 23597 16200 22192 13381 3690
1 7
9
81 54 43 81 76 56 17
1 2
3037
943357 971797
2 5
2 2
540 187 439 990 800
937 800 660 191 410
2 3
6 10
634 1200 1789
2949 1025 2000
1 6
1
1062 1002 1221 1148 1103 1134
1 7
6
24 30 24 66 18 18 39
1 2
7
15750 17507
2 7
7 9
12320 12016 11235 10508 10447 11791 11186
14086 15420 14382 15300 14565 12960 14445
1 4
4
21 35 36 12
2 4
1 2
637 702 639 708
1390 1306 1404 1562
1 3
10
11700 14145 13000
2 8
4 1
4 8 15 32 4 36 32 8
11 1 2 1 2 4 8 8
1 4
511930
766373 997164 807028 902910
1 1
9
9534
1 3
7
1405 2264 635
1 7
2
1913 1998 1844 2201 2041 2200 1990
2 7
6 5
3714 3438 3588 3253 3624 3960 3272
2776 3020 2863 2990 2907 2700 3185
2 8
4 5
9600 5283 5979 5796 8800 4509 2051 5280
11000 12000 5552 6319 6701 2724 6956 5400
2 7
2 4
2 2 2 22 2 18 2
4 4 4 4 36 4 44
1 8
2
203 4618 5280 3447 4420 1800 1724 4272
1 7
5
1056 550 1367 2500 1894 3300 3748
2 8
153084 176880
709197 911871 971181 934475 690241 822591 272282 916674
991073 922898 981243 977670 881845 974635 903937 956024
2 8
131451 475089
861166 759671 319163 564067 445681 906315 830739 622676
901891 947912 755261 280679 858421 966782 356304 855873
1 8
9
3287 5400 10765 15300 16486 12018 16816 810
1 4
4
1216 1295 1080 1317
2 1
4 4
6466
6749
2 4
5 1
1414 1021 461 2000
400 290 99 200
1 2
2
869 800
2 8
4 4
6113 5857 5436 5948 5558 5988 6600 5854
5988 5400 5889 6644 6006 6480 5402 6414
1 3
10
47 90 50
2 8
3 4
33 33 3 3 3 3 3 3
4 36 4 4 4 4 4 36
2 8
7 9
9647 9100 9288 8952 8190 9066 10010 9640
12399 11700 11705 12442 12870 10680 10530 10719
1 4
10
59 60 38 60
1 5
235412
890597 675724 821398 877680 999864
2 8
3 1
2400 2160 2490 2400 2331 2411 2411 2160
880 801 826 800 763 800 758 880
2 1
397603 296525
992860
568184
1 7
7
20 7 63 46 49 14 15
1 3
89506
641807 635882 741266
2 1
4 7
4
7
1 3
1000000
900001 900000 899999
2 5
727 65799
957635 973309 624266 300735 837721
984992 939611 957883 851207 898424
2 6
179546 45373
328871 550114 908834 871554 758541 416107
720069 966369 935899 733791 801362 833379
2 7
3 2
321 540 836 1187 1881 1500 1890
220 1288 797 545 1000 440 1540
1 4
2
1448 3200 1376 5010
2 8
96751 58857
789384 770786 961821 782731 299094 792086 574617 626796
945540 870154 958192 907426 962232 261639 981086 850914
2 1
47424 164235
485848
941502
2 8
1 1
1000000 999999 999998 999997 999996 999995 999994 999993
999992 999991 999990 999989 999988 999987 999986 999985
1 7
1
612 630 2400 1760 1981 400 1157
2 4
5 2
3500 6750 10717 10790
4175 3300 1400 4071
1 1
3
3
2 1
5 1
8568
1886
2 8
9 1
13604 12150 13500 13228 13004 14519 13930 14850
1350 1635 1599 1500 1650 1358 1476 1455
1 7
1
400 110 540 493 286 215 700
1 2
2
2200 2282
1 2
4
16 32
2 8
5 9
1500 1500 1495 1478 1650 1400 1650 1602
2430 2700 2430 2834 2700 2467 2956 2629
1 4
9
9 9 9 9
2 4
5 7
1350 483 1051 2166
2310 2925 1416 693
2 8
4 4
36 8 36 24 4 16 8 28
23 27 8 44 4 16 8 44
2 5
8 9
1624 1738 1848 1525 1538
1701 1713 1690 1827 1990
2 8
9 4
20250 22527 24076 24849 21172 20972 23467 22500
11000 10418 9893 10012 10328 10000 9036 9274
1 6
2
200 440 554 815 1200 900
2 2
10 1
10536 11000
900 962
2 8
2 5
3600 2743 2454 4840 2383 1533 918 2200
5500 9000 2399 9900 6128 3639 7411 6667
2 2
8 4
16 56
8 28
2 5
9 10
4950 11757 16200 1769 1719
4500 18000 12837 1808 2031
2 6
2 10
1800 4180 2444 1410 978 200
9000 4759 17100 6802 12508 1000
2 7
126085 62337
994187 705478 946717 961496 218774 647589 265098
936452 987136 938185 803940 901664 767628 493592
1 6
1
800 777 800 754 720 808
2 7
286464 284785
717815 586976 736261 568470 567091 970697 559517
860709 890160 927237 880810 747158 713262 998384
2 8
8 6
8 72 8 8 8 8 88 8
6 54 6 6 6 6 66 6
1 2
122495
542903 716271
1 6
3
3247 2994 3060 3300 2814 2909
1 3
7
2300 14158 14993
2 5
9 6
41 9 27 81 66
6 19 30 48 66
2 8
9 1
4406 2959 6662 5940 3600 7320 1807 810
110 215 302 759 452 845 400 540
2 8
2 2
1260 788 600 1208 1600 932 360 202
994 1540 600 440 1294 1600 790 202
2 1
6 4
600
400
2 4
459506 752432
588575 891901 835030 821739
861050 865510 345604 734509
2 1
9 9
900
900
2 4
9 7
12430 12072 13519 12600
10075 8837 10074 9800
1 6
4
31 36 44 32 22 33
1 8
9
9 99 9 81 9 9 9 9
1 3
3
300 810 573
1 7
6
7751 13638 1679 7800 4221 600 15180
1 8
10
2 1 5 6 3 8 4 7
1 3
433471
643790 798990 756155
