99
6 2 0 2 0 2 0
3 1 0 2 0 0 0
561 171 0 151 0 239 0
613 167 0 233 0 213 0
613 186 0 187 0 240 0
905 35 0 440 0 430 0
4 2 0 1 0 1 0
3 0 0 1 0 2 0
955 112 0 485 0 358 0
482 238 0 234 0 10 0
1000 500 0 1 0 499 0
778 119 0 382 0 277 0
217 79 0 99 0 39 0
718 7 0 307 0 404 0
999 333 0 333 0 333 0
15 7 0 2 0 6 0
263 87 0 164 0 12 0
786 228 0 316 0 242 0
228 84 0 66 0 78 0
919 250 0 258 0 411 0
7 2 0 2 0 3 0
740 287 0 257 0 196 0
5 1 0 3 0 1 0
999 500 0 250 0 249 0
784 332 0 292 0 160 0
6 3 0 1 0 2 0
318 22 0 156 0 140 0
542 201 0 144 0 197 0
6 0 0 3 0 3 0
52 8 0 23 0 21 0
787 535 0 206 0 46 0
599 62 0 450 0 87 0
483 114 0 191 0 178 0
353 32 0 163 0 158 0
619 45 0 512 0 62 0
4 1 0 2 0 1 0
653 262 0 154 0 237 0
295 140 0 63 0 92 0
768 253 0 174 0 341 0
990 745 0 15 0 230 0
33 16 0 3 0 14 0
495 208 0 233 0 54 0
76 32 0 8 0 36 0
480 193 0 55 0 232 0
144 58 0 21 0 65 0
763 343 0 186 0 234 0
1000 0 0 501 0 499 0
922 192 0 307 0 423 0
1000 500 0 500 0 0 0
313 89 0 109 0 115 0
921 434 0 99 0 388 0
46 11 0 20 0 15 0
999 1 0 499 0 499 0
999 250 0 250 0 499 0
487 215 0 258 0 14 0
8 2 0 6 0 0 0
213 54 0 55 0 104 0
812 351 0 226 0 235 0
307 89 0 146 0 72 0
622 193 0 284 0 145 0
653 68 0 323 0 262 0
567 188 0 120 0 259 0
1000 334 0 333 0 333 0
549 91 0 206 0 252 0
526 196 0 188 0 142 0
285 33 0 122 0 130 0
978 320 0 248 0 410 0
384 124 0 254 0 6 0
3 0 0 0 0 3 0
5 3 0 0 0 2 0
544 188 0 84 0 272 0
126 44 0 25 0 57 0
569 170 0 222 0 177 0
749 322 0 60 0 367 0
4 1 0 1 0 2 0
4 2 0 2 0 0 0
1000 250 0 250 0 500 0
931 255 0 240 0 436 0
959 355 0 265 0 339 0
999 499 0 500 0 0 0
206 103 0 36 0 67 0
386 166 0 178 0 42 0
5 1 0 2 0 2 0
470 146 0 143 0 181 0
1000 343 0 210 0 447 0
853 346 0 136 0 371 0
49 22 0 13 0 14 0
618 61 0 295 0 262 0
998 361 0 472 0 165 0
897 430 0 446 0 21 0
634 286 0 247 0 101 0
1000 320 0 279 0 401 0
3 1 0 1 0 1 0
196 61 0 50 0 85 0
817 247 0 296 0 274 0
856 310 0 196 0 350 0
270 116 0 26 0 128 0
4 1 0 3 0 0 0
332 124 0 166 0 42 0
