100
4 2
5 2
6 2
1000 1000
1000 1
999999 262144
338723 259579
363842 343102
999999 475711
5 1
1000000 499999
999999 524287
470190 469221
999999 1
500000 499999
999999 499999
500000 131072
500000 237856
999999 524288
500000 1
500000 128
1000000 524287
2 1
397010 340470
1000000 500000
335498 331044
483193 406923
1000000 475712
1000000 482021
999999 475712
751721 602076
500000 500000
576549 551409
255580 211309
1000000 2
999999 127
500000 262143
500000 131071
726152 683880
370336 334584
760082 637221
260773 195954
500000 237857
1000000 262144
999999 999998
1000000 999999
3 1
3 2
999999 499997
1000000 262143
500000 127
500000 218888
1000000 1000000
472925 394775
707855 568330
771267 667151
304418 240181
1000000 524288
500000 2
700372 692213
725024 577655
999999 2
833356 646864
2 2
1000000 499998
1000000 475713
999999 999999
1000000 127
947409 759299
999999 128
845641 802864
732594 588577
789978 600103
999999 499675
500000 250355
500000 250000
999999 499998
586771 511802
1000000 128
827597 764125
754501 712998
500000 249998
958093 804771
1 1
387704 318158
651237 595219
784482 780466
999999 262143
286930 274989
936146 754991
500000 262144
999999 381380
500000 249999
751500 606561
1000000 461523
251386 235277
4 1
726300 713549
395360 392246
1000000 1
