100
4 2
5 2
6 2
1000 1000
1000 1
500000000000000000 127
500000000000000000 144115188075855872
699326990685848072 680635305377535354
500000000000000000 163740560308998749
381427200931521728 346261337476093587
999999999999999999 423539247696576512
1000000000000000000 499999999999999999
865421098959557555 684155182903419004
360917918673087341 303601411776435264
1000000000000000000 128
999999999999999999 127
887304098876408148 859546197722969838
1000000000000000000 527914014562736920
3 2
500000000000000000 143500374754088600
500000000000000000 250000000000000000
658959080646161996 525500399070216400
607155866659799059 478808602542666155
384929880583945989 322262197235520868
5 1
259330858147696499 199327637605439133
1000000000000000000 423539247696576512
1000000000000000000 127
732760568021509086 618127296652689174
1000000000000000000 2
3 1
1 1
500000000000000000 211769623848288256
500000000000000000 249999999999999999
502627534851421451 468903173610277009
601191797848932721 548168387726018986
999999999999999999 329367277327674123
575159299148999951 528582889012600303
856750160143332645 664434146050029993
